7281790130521823611
5575829375053047843
-5249953406126282087
-1879403951437767635
-5922278604201027188
-2040076012570486823
6373718163284080959
9036956169648621684
7729580674945537043
-5638168925924670542
-2082089777814395881
-4762230654455538426
4095745863935810166
-4751605967216559053
-7456254240158602704
6186770637693094177
-2834749543077262835
4211407809812644084
1570417888304505293
5163884813938329690
-3308727670275729757
2168036544434425636
4615279199062698724
8121477203785505048
3425679381412209915
6807212038333562884
-6039935513971183200
-3513198198207544554
4736961676675069257
-8383793918613784725
-7716312696117018400
975574132243639781
6510305673162972597
1897623479625196096
189846831915738293
-9013848961852160153
-4274534168065387300
-5442855602483018492
2337461125955149032
-8248683521172243883
-2378494998982046642
9180154283507866182
-2714896851794534543
-2151571957697973061
1976251148223748881
7269800748756779308
-3997495488878826751
3535629418263543415
-2614531518663755748
1323932972339969008
2042574614593153401
5340136484804288445
-8131445285158222627
-8043601598654071199
-4967691093135924623
-4951333477170178155
3926138772954064820
717175114631056478
-889107655018676814
-4576606056652447141
8481198016160577142
-7310686542269372321
4943130170134730172
4355661778141646911
-6349597893243047701
-4711831513094319636
8557678031748520513
6750330754532453315
-172975931074131121
5903892742871471139
-1491545748664876376
-8918073149399404480
-8466044295460747051
-2557226918808918986
6494321752843620491
-616862427958243231
5413262930155218463
5573030324879904747
7431051837545538105
-219336306702529371
-7498717055809842233
2924056135906180122
7236997175999206709
-1378677855472985631
3411755174150619354
-7144569595005357261
5787726523263695029
-1110392493600237636
-279799165222062760
-1607006262237445195
-7095138341374275549
3805241831334876978
159990064078519477
-38597812532351304
-7123433990247766624
8702798035382333714
7521272327813111899
5120160263475455588
8157373370653207676
1126891780046056576
7541653287920038438
1038462811097078904
5178661010374505407
-7302669209707416205
1071735127610386150
3216059904641114308
4514580677361150116
-184498870054526152
1128922938599325921
1085359447599992751
-5327872432826636008
5737549722508725997
-5794947507893581234
-8732189461795024719
993360829380339263
-2769568633349883385
-6526073260362932262
6665741462357239002
-5036699769081473296
8932928518842762445
2291668855816014631
-1860281772215892662
7152882590398495284
4366485947331196122
-7386422168941990583
-7367230812940906057
5187469707702593995
1469426849924156319
-777808073759737529
-2565824685986001174
7804480903371603110
-8812734658505806626
7845318113647197856
2134376028595287362
3920660419668785518
-905594854744124112
4419629061160797123
-6684349808490541265
-341831687842277124
3195512899034390656
-7258176837708255083
5271752370828437432
-6553204518128609057
2289422151179051150
7687134195179653359
-2390099201496987402
1002717769131548121
4284808566665675630
7366034028848592670
-5054466601976575338
-2216973404008667550
-8903539019327747578
-2288270292722325918
-8362888721213198245
-2978574575605248732
1652833091385233043
815851994119449967
-8620880431107565414
-2182075367676208259
6621559470006983460
-4278727893655009042
7742825403849521853
-9128467031467758592
-1402812405714595810
3345323743087584765
355126002562266561
-5556902429519471372
-3530118798104028490
403616641591622827
8933634640121360055
3225581772118823635
8155970033109384058
-9158927699475203459
-6740612817479205050
7788862756166470349
-8578334995043738423
-5383705412535911188
5952771658983617575
-3288134489545573053
-3767885468641822378
-1236755494065251355
85373400500738984
-8693016649499553716
4678556097233523369
3006006746895762503
7192218767601067050
1450739246759369267
-3612932701148530787
-2639224766681603480
5335191807394532003
-5456697894876204042
8852199898226760419
-8645262564211516271
-8254562883158124259
3072210091889744841
-2534984030990534274
3813146825961921917
5447817611339068725
9164332012663613329
-9471817062969018
-6623209976378577186
8282788240747937437
7762147882874177386
3030570637717563237
7672048181799052248
701076576659946906
7324705775556761634
-3471843542744899876
6752503420412334980
8981315356742869382
2519865665665402299
2131694177283546879
-8435700906743913617
-5706508737881878705
3544541203934461420
-8320305698426369547
-1993909695983443432
-8417070064203989001
-5409892481929088351
1339734928439149369
1687698009368129909
2136813037010759442
-5675790133262979977
-6913079138796812772
-8488157770509303441
-5750933301286135477
5049518032445517121
-4071060028120757184
5882208385502599777
7714771767190031071
3270563646416708230
-7005441729608596450
1163704116277819293
9000390479962455584
6819818368336144384
2477185982463580033
1093603976552444391
3889445777405643251
2951758273457232414
-6457776687268920823
-7869979908136502792
-5177711270961455022
4905784332107528323
3080189720502810538
6554895844270023420
-8552820243736322869
5818332712544016517
-4989105592162854102
-9060037394331566828
-8338871229467286784
99206533951645614
6471283535748859046
7897663740327067605
-6744895213827240667
-6049408991065817537
7047869782263765005
5591240744791901384
9106551623871638149
6276811872108462504
-6771330416803910749
-4195923240578903576
-62951606058840578
7640061691241404177
-68073857477689728
-6170563956447939545
-4643941363661673344
883906932490085845
-3520901713035100401
7614401252385368553
7396981293550242705
-1998523006845736447
-5746765848528526961
-6766208353272029818
-6244351462305988660
6401838850931300058
2269536473368282773
-7317240372672090164
-2464815672212063395
-5792652047525131948
-6067816798097280632
-3599611564811709828
8526138056671882375
7146965236107545243
4026119021798625060
-9031623690194619703
-5184833793789465570
-3149235156166188402
7068531992193567736
7675555222926455772
-8659799211417502707
656321326936668735
-3270958176569410840
-6290155244959729326
3909655441299510738
-8768825552195989900
-2104382060063863893
3081027300825579964
-3908036292505401091
7911512420815401513
-3808355066489335474
3339767822884557086
7200557163623819701
-645774461149568756
5107669899411167407
-700600577538315408
410364331396124466
391254269063553536
7422924279378218754
2752070770017525536
2605266954622313028
1814739900384016794
2357168117814229072
-521752323489996914
3883802059533892555
1702575382047517863
-208395328492980749
-8632170157733695601
-6973556641579625668
8065409727495262884
3668085022874852636
-5948649647094801429
3004379265390492963
-1036917484852545467
6661825221450095949
-8197271635509393953
-9092020549353408101
4783186236481360367
-1214677179927464225
-3527061027426484836
854035770566021847
4694651629060079165
-7833171660736134786
-9108829422227886906
-4688864644965397603
-3727643841079142274
9068624543498797735
6138876464717009141
-7194362368382493242
5858038106230659893
-604299058932313039
4794698304650249783
-4229799888801822528
4966851417069458072
5748599274622065345
-1705469788553076340
3250975582822805516
2438187807318204178
-7924741884202103724
1365439721383254889
6458504829052127680
-3060256283060942910
8823254242766718649
8447305551645297206
-5275102448697484027
-7886420644698940166
5479210297952433684
7842815928779992272
-8766657105391726438
-2912533044378621248
6955582096833186653
-3968134115156146937
-8084680294352697009
1962286746267482960
-9023411895851859233
-1296346053171953119
5908640394554153099
-814790303215097449
7427224083197704889
6791234732081085270
-7102704654411400505
-3932023373788904518
-2378318028476180128
-6798975669002192302
3272190816486680081
44624853857484173
-5140662137381403621
-4196215410422950475
857514235246454922
9009574287152542493
-7812877578029341306
3528812204689578902
5354550829955765992
-6445400168645313753
6298598439566558224
5863376651754867708
-2321543482784806155
-7166952678226654818
7159218285234415741
-4330449259721841820
5456062729615733262
4805189223690117673
-77631578118384540
-1420947973437819586
-1042238901652608092
-5033169814626706782
1107526991466793137
-7298756002413685136
67823251838498750
-9147918729959363176
-7561244827709924315
5231422333895301073
2608660674214049142
-2117986174665155378
1043937905269907921
-6218009957827817297
2031782198457741688
-7307022625632132166
4085010596319403935
-3790747282370676406
-1712840763100511098
-8158036426371499513
-5806408987492231991
-4614544024570047146
1577304947755303414
5301746526994556435
375457850354831456
-2287195315602772355
6589129050766095922
8147486942071283569
442331411319281606
143572648696209115
-5942828745784199881
-3591405936870964887
5915071358286880052
-7101987671179449472
-7555018535900808937
-7530688194548806285
5020578837133510197
-4501776628073009422
-5096515713426091913
-7182663657361719872
-1642543882029907415
-2202521312598568024
-186657790920729327
-7232868378911070287
7444243889129091267
-344148619320828272
3829137715656335923
-8358137751464464803
6854397528549759115
5989690589845899658
-7610123967391177921
-2791972079643949808
4623150790152301917
249435657383226858
-4407360672857599447
-6588873548647579194
-4594388199561353495
-1338374107673952518
-3536263705217528324
-1959380794419707980
7360273688792246065
3105596360490472565
809031481374454101
-2564896264873520704
1572728279522537741
-39315496982706930
2967668346420244710
-5004000050489096956
-8837405296172159318
7297907435659464935
-5586802630041007627
7350004365012415311
-8937702806897424377
-3877136192551724006
-5730058678373596966
6886356810204489123
490727158054979958
3980341164125206836
-3476941178511609980
7139016204788074168
98946707027089953
2644386868951598004
4699367016364745717
-1336861439628188296
2996835004828304003
8872735032873355921
1851862185689173697
1663733793634453377
-1576633470104698133
-3473388211113456975
-720857903704997485
4743223646608722854
-1197474939553678851
-4692095258933659277
4066477467587853737
-1007808269149479826
-1280618060837086416
7084802550729924390
5392978523695026771
-3846547536162262380
9036359115476448592
5190082742444982671
-1281303700948694152
888546495235090309
2102119973451565309
-659758579659432344
-4065274792421396464
2886269209670113253
-3262567256997875925
403029044351497691
562153090265125035
-1345839479533824502
1100254395997474721
283587855172248843
4781805918895203816
-7100019799586296705
-795917469915142278
-504717403405496181
4998715014669221631
-5431727537506275197
7922584892892962726
571871591485546212
813792750842069048
-8513742672289799032
-838037621165804694
-2382704192019594476
-5969430505530494606
1147255200098996
6623915642897884892
-1063323471507040502
-7906932053215929187
7001997939391874915
7521363443900747112
2400363725464061483
-527796791554868160
2777773863531738019
9098045593756835918
7790436210248386512
6332729942970644980
-2342875281059201098
5001854846929724705
6570111551188920774
980479846781664486
-6784415127559420524
-6391000826445978551
9150144032496855756
4216954809407686745
7981131084544584550
3256562730363989890
-599848762298325736
-5524967875717240286
-4702594511611562484
7245402128052074587
2183420271655209171
8111639408186276138
-539690977444975720
-7321998482793236808
-5404004534709721448
-716196899750485008
-1287706456711608879
-1128425645850550447
-6854341543369094663
-4554924520699457788
-7192817473148422991
-8599085440561894863
1470770953442829306
-1678812997854493811
5703267019723354343
5225009833421498679
4449588976353297812
-3906194380884922940
237223638782713430
8800898258181451416
13167795756214835
-5314653738050950281
5444232310525738644
7702770491408794459
-247157344084274631
7617014561515580039
5502864763868738412
-346313583510819365
3506491411855601017
3738086208382883690
6874761530861900124
-523884260107564983
-4504335167138409028
-7569462009844819031
-4207909813284847080
412122236353193768
1821464717537827135
7256539641273019491
7278636240072079109
-4472363682718691377
6743317858264896819
4262328189360826569
-1129656487451972673
-1966511261801136405
7392227678848753724
-6908680260871354208
-135310139697907565
-481992116087144710
-3691770003735460621
-2219188202407093566
-8777546774242331386
8738758090394390224
6221553795820620900
5463301281853576093
-907041516286940596
1341398482015508502
738634813997045905
5150649443135073202
8731566628530181585
146779046773732806
8254614697716666093
6515667330436615703
-6686140343482942540
-8393470744037848400
2629576633584177889
2823031812843951862
2833773096543275335
-4185617643983443975
8690684404446548042
-14412667563073012
-2845778456701745263
2338818071978460055
8767559304240453113
-4482302828186965717
4269707838322793932
4848795354115817174
8455254206628790322
5474607108513198776
-6685954412802219033
3343281040479993046
5021806204987552557
415314255544717357
-978763481207634684
-4280490825943529206
6859042070679233945
-7082648801515541352
771429398272274939
4788386830011977146
-1537636218236093676
6572185933431843610
-4455836400227818538
8881219639212055170
-5237468775174263116
2140288631722857834
-5504071381900726701
1759725974098066129
-7137914716655743615
7627659088316144208
-7743658023685610907
-9077685386508493717
-376897750041722632
-5515531675692344278
-3321867104500678477
-8560146331093236248
6605634459163486602
7572127438601490282
1574105491041303576
7476223180866346290
-1394163583017137894
2648740537809889557
12130487086861345
3034445412677402123
6832662159380086147
-3811079655565697723
-3746273444472565870
2558357788173033605
166099828038028048
5823534142352223657
-3078223646210998559
-7057129494019190905
7188875996328867586
6075521212891056128
-1105575382056767814
-7849734344072564913
8827893442289250830
-5185386310211390302
5851739203446006393
-2761447466866650133
-9125400743324773668
-1173636517965703945
5115559085217705651
-1955698957063886914
-1677990016994254711
-4508348607462460931
8802733009933118381
-2647775691523759614
7821631648150449446
-3346074982867821882
7381392655423944675
-8195491681716990656
4412980397832781878
7975576014818136823
-4396814421511615869
-7519461201791033895
6230915550961193268
-5107187826350321333
3676871363138098671
-5816117243361503103
-7813123098676391413
8057787276426235406
1426633540614552127
2090932525180045502
-3667134537646749284
7099949928376885667
8976762326314190781
334516522567157613
5733952940151324220
-4064686102898576641
-8217668841440816793
3206485093477749054
5145771849628069938
8779870342718731819
-171544311858360464
-3945366630110155469
5967142074183656509
8170702906565720773
7220568206567412159
-3766354868229250267
5042395482429423117
-6902364761097794945
3681584522820616814
2886808498223088191
5967488517096041158
-5049629916836112481
6928442811507865676
-8120990484551567487
3546554278784179072
6065477683366001534
-4193019850739033764
2259635487973585982
-7392120310683775031
4282405218990949641
-1298346820495274668
-6985810331928599394
6777844939872874529
-3592555294975092925
9128929294658371615
-694842020744006115
-5184891474545608580
-5864876253856376895
-4074853578582952869
-5380747304365986294
-2150558731162684732
2447540414265797932
-90585774687246884
-6466020227634393079
-640807317015215787
81891558036819395
-7556809067140400089
-7346577136741297006
2348620720580917631
3940189968452034006
-5487861348061967112
-2903465496050192529
-8480369845018358264
7123630703198494284
3237172471982239420
-2686584974952683966
4046707710704617895
7305383688969857822
-4378583711827829993
6163009036989708029
-3238412945540736630
4223487792552561114
2080171041412653408
-4588774669712126361
-4894357949723383855
-3441400963101669343
-2100343781312009952
1586797617518743198
4166699503396046352
3723558428845861417
-2222568575042206569
-4317668576749279856
6938209295404804049
-4420161539728217797
6510263568981463863
4287817331549860736
7462994919375400208
-3107312349542612426
-2848563844076669913
299034987797922183
-9062600166338134851
-6084282814688242678
-6562052027374434111
-5957227198747588591
-1718245690936938690
5933493048230284862
-5076398588363962604
8729782771392857436
-5248884209039406870
-9017688820306645141
7851279637310872674
3043233918755005436
9135240353729234063
-8439926233523022913
6129093630424817571
-1323708631241297574
-3967769396691128852
-6126952357476199557
-2718767986257423359
-782198348331359184
-5373747178717131720
7058852996084625781
-4707745773230458022
-547316151419292914
