-3432003133117198682
-2450705742120570119
3646681111750585751
-4999679695138812779
-6816688568181944247
-8165264952317334138
-295175676474901326
-267041865248099963
-1825455822665396116
-6404522313659338258
7648333723779518852
-7743106910134553417
6695996753447205009
-6877286522196486498
2356859735486859272
-2485959457670175583
-8701577709948336945
-2216228285496010573
-1039532828708445169
8674877646684614060
-5935162986566942130
-4085036791671570816
2826651765905651644
2168895376220103859
-7980402619441716
5158904735999248908
9151568679303404038
-4534512398130830968
-2337196435735494117
8083799320829623185
-4256052963599749831
4278782114965629295
-978660182222338400
-8737479065046260737
4937932680732800373
8089511725108685217
-4266105880659841578
-6128517992673671306
-8353735949136855250
-4863140864180223541
8194476691801797577
-2476160640951250993
5935638678014858666
-3646017720696054132
-237899801552573284
966756744728497940
-6262759494612104826
8803799734774752250
-4072258364496628989
5900990720590057988
571326923104094002
590540518922709022
-3145377118005352759
-3548173947543010672
2847647319559585136
6214288011084561779
6020321979333409612
-3432216644699497887
1488594860323066841
-4058332420450087573
5842105057485313532
-7812211996648037041
6860109896351052120
7811282420303905514
3882829917928275168
-3243474600726604821
-3897287101340609876
-3548303464319400759
3901500301652137232
-6646149566911783434
7703983351297634539
352905564774809684
-5458799465748762308
7266192623289447656
-4710097938083268614
2253539428714070989
1627718526252986403
-9003153318195345814
-3935438036947727083
-3301268014115067673
-8328352844576330979
-7095177574885175588
427476167358801229
4943047283496013643
-4310447470096239470
2698335566058650576
-8523326055091131387
4804633373236815638
-6616865075801610623
-1380507831384154483
8760742837605808501
-5856553619379352743
-6014322822904659718
4057557948863852173
-6616762556634523353
-1191580047859585896
-4051689301315938140
-3489675936510518273
-2783197445008646019
5107700229300439884
-766450037436558024
4128577680458019397
6945689066916468009
8146946710778380897
7508537267916308483
-4126151395353408905
-4582232186316414030
-6436084266692124232
7556424204498805352
6052786728275512799
-1589767045427993098
2535181718167902374
-8503122347241065380
-6197947334779860869
-5677270961095984733
-7296615314526015372
-8988348088637629719
4568009951415323519
8380425891590317756
-6880817617441122595
6175954732445759147
-5888832921759998000
-5058198071448070630
-2748386213806589806
3635835869568565846
-7780309708339099511
-8124486748623792152
-36639292923958343
-357441962739252946
-5055458915578702470
8115187198238325286
1851818152874338922
1791754526557748621
6051553273478727076
-8316715005321990360
1812706298443799857
-2912103217836648608
-2420410259935086146
5429300304121168916
-1587259040438225521
7231337171971515051
-7089581165276072269
1749309470545487719
7129066042267719801
1314790547146724865
1346765952712865826
-8025588740913037455
-61235240041457449
-8477943914189977332
-4465466707714321699
7207477824755880148
2630639812767318534
2035931274706813707
-8926316930684344470
7325039658400232713
-3048730485147274665
8793920886173981007
4061603738668688517
-8707797436787957541
1344139468569527694
-3973053784575894083
1866176140044032412
-5136756069244618007
-2970448810458460317
1571301738618281295
2796023730620766546
-867794644026965464
-7484369366955743740
-1393346082677002605
161638668616674300
685464558279017568
7463395841738341521
337579564666720298
8816702378129199655
2549377576143742122
6166132506148916639
-5364896846258677942
7131188458309457680
5800389830779466232
-8358213514491046474
3246269382315470397
-4147684777216609494
-2872586047956382323
-6819097145452110381
3192599485379125984
-8771557571188834660
-8790915678908440191
434603073332762087
7595569794294269221
7290850969972192192
-7336645468304627906
1196272407715462997
-8007247408353782383
2078314147973054886
-8479921480730591738
1906330839789725560
5212190954271966142
-7961236958390489458
5448713942909849962
5908190479668736539
-9063182183389561638
7940009835220142706
8044268890210537428
7223634935871583231
-1690327638131963353
8361365409695576442
-582133509778050818
-2029817504766173864
2511784445272555385
-8052015184272155003
7414300661320256633
6872444584185951312
4764367393795766715
6601760329508244903
4514202381414694952
7922902648520613763
-6124120134725964438
-50662915826127195
-3422880939710601534
-7771616693912387454
7917213583168177432
-7292737895639931013
-399785784532640173
-3983176500425367984
1832427937099993066
3388497298287535830
3599363821475700411
-8352069763827867672
-4911465812038860773
-4401838640887232869
399585947486511149
-430107298599397707
-876939782883706505
-1295917336988025250
1251152708469543346
-480848606226015977
-6202870074217009183
3895123362013177324
4361047636687445924
-5670275222709801755
5186448022800684493
-5448782764176308287
-587073404323886541
-5082824924850290202
839861388653910726
5239711733482374034
2347767338187492323
832738601128393815
6803205715090979305
3942908904259748037
2006136456360775692
-7133145637024772248
-852485814640306072
7799797966841278708
-5033423487985239719
-6313098945810126913
-3470935377739107319
-3004937288462359954
8375584544848885834
2039769770802062835
3690007511504544165
1950279375741379254
-7143500510343843406
6419906805806885138
-1291755037621560407
-4067674864061583102
3855245224927442233
7132083712899901723
8528716812568584344
9198654912680263869
3314487520010011610
-957173187973340795
-5635872260706393722
561549890247363589
-458458835019110810
6547724243945458615
6873272352590135455
1101812865471641134
-8198799961506098176
874891973784234381
-7082592448877027426
8880428137813605949
1442296121842329760
-6950890885358952486
2357464334041398870
-7959095533926481555
-4051197599258891376
-5677647910380805920
5231503429866055981
-3727857550254240338
-3304543797561154062
-8989764237350476071
8147547786503550876
5590309041854071841
2455369121248692535
6040216379515633266
9138084288730356400
-1950249102929425507
-6176874653483326039
-8182511914377273013
-1785561913803981940
6210007954021094189
-4927837106403348254
-8926347782371745672
3207251264005564901
2003835982282957968
-7422549865857885101
2510078096274546435
1073902984099601028
3282834969569806008
-3794064803490874434
4077964428825992295
-9115811396148070968
7854681649626689611
3354247999399361469
3088613081199677206
-4045035097662753247
4174178620797749797
3057056750396827705
-5817113188935528715
-19802522909862250
6379373222005899732
954285980098478835
-86409723552821285
-4608567903184662208
-4334511871020585957
527133115380050430
3524641361689390101
7310040368285281741
4530782670544058223
-2768291685019136446
-1707574274457764123
1866888502666534910
8597411916492926589
-2066226169686820357
4554404496491859710
-6632653022103669207
6116158650419546786
-2494316432959379655
-1333528846256404214
-8076239916990949449
-6871309463910492559
4288381304284145246
-650688914830685660
6053381315606074279
-8658064706450284495
-2395346511082761053
-3706050079019484578
-6474959109502402806
-7054881279914607523
9078464397203890834
-5807110890498721987
6405691071801664389
-1516707881825871838
-1443188862689498483
5829917763869625912
-4972444985546605102
4559932990917893092
3214179352154085190
2259081907627394876
-6692134521722221505
-8726430505243992647
2105377629030586949
7688830982400638763
586382658929618221
816567617102128108
5623510526953763430
-7961972026742484392
4882854014974512530
-6569674424194386052
-8267578734279703976
-5611847641169635572
-1980557358493554824
-6426146800188455270
-8194786769787504865
-1098640406538295291
4712354162536845435
-1330929551868815569
720368893227105938
4535205515566022386
-2845465152110962609
-3281325797298697901
-5804791865587675683
-5372830998194675976
-2322144321963903176
-729117195682534953
4457164134546126849
-162313399861506256
6144927438436879505
-4929539280386140996
3177760560479638607
-239807671601404634
5407595951597907270
1266454434500421562
5992011536326866161
-1467749725580075172
2318699938442756697
-7539912439011212102
3160738448124505441
5957243983928430533
-2906031020114692256
-8855485823984016292
5930800974069328112
-2206442589151832502
-4367772239992014587
-4483489004955568014
3130583105371459905
-497361038330680504
5184824941954089861
8071709912665824899
-4906149528859818805
-2938890818773435888
-7738025473671053006
-2779655835923668407
-498710966624084646
-5591598926799844506
-4019003279634974479
607366996273418291
2289827159688578702
-3888979684774313981
2521837808108850365
-7998229768491870236
-1849184009113836454
6572485115095407379
-7878720434259949534
58455315725745842
-5636280805706987130
-6114476990619542344
2097307007510118082
3431645971969221160
5789113460258487854
-2686352489178272635
7763828032551041748
3533650129859218052
2137483604818794050
257934853038134275
7051150032731040
-514129858838131398
-2352655806169180156
3680726586933807407
7520663368531788804
-2615273513869869201
1923453970115474060
3735533901030230266
2379358756869978354
-750109241294292866
2216787969029014599
-4983751022139309624
-5866794312149151761
2932890472972477559
-9207262939619528332
8735166705728589298
-2216068545994928746
-2987619455288318309
5655734965411449510
-4009855282184831420
2447038208610210835
-5904151432438117407
-2583760833259355323
2423684057173587071
2237498552251007401
-1608417391433953931
-8163081392700852212
6360115440755477976
3216725649056145197
2311704155699700531
-3731422444064291444
-7571853639058563721
3699221006772395656
6580912579268044336
-4102133969464971608
8643393168101111545
1584356040687692088
-9102306503795555534
-7255276407647923433
3078009575279937775
971676713459580623
4326274184086191411
-1572002024330463770
9008175911773243229
-7502137356074687629
7930662866658246626
-2051411825776978957
-3759835155402889668
4493511637635784285
305975366918816289
8546830177922075251
5964479912344298488
-6650809009835947942
6096486425452443784
3906071384680156524
1014040384979526642
248735870470482509
-8165110732779677727
6209783547795910204
7406763369240942847
-8657563514493408341
-4607348818571532374
779808206342468112
3295897115392262119
-6690205761049849603
-4425904536755542890
8985606651222227054
-188566340773762585
-1798098577135777183
141556905538859788
8487551692403405228
-616636958567917777
-6111190071793905142
7391017749273993638
-1794477750599637642
-635035138201919131
3613336672774593212
-2639960558151173196
7504100835698428236
-4786361186902378975
-2149473475130732975
-3065566194099328073
-2601782565977643263
5815389210939548015
-7661799187317744586
-304432011505947162
8726503586764608317
-4305089984625498032
-194584417489545234
-8239814319726439764
-8206071115617160196
-1953738557470346440
-8361729336875882610
8029395036538392871
8831861673045808910
-3691300424729261935
7726126844124824127
-3139542961154381397
-8964885093035992939
4303416429348067127
-8867585387398152512
6180481541989685309
6443863487433546121
-6227420345920859909
-4251344193420742174
-1876741032761223399
6887314096362325559
7915365529724245281
6094140081147174154
8735009206512513325
781440293311098046
270860424639277793
-5314293361746301774
7712546983535748251
-943362762029374575
7362185272309386217
6407889898548512487
-6829462992397511365
-8691652507013529608
-4967673364608729383
7882580240647727564
3290613551500300054
-5594021957215970162
757115811959161285
-8583929026637784553
-5222597006583654164
1514158571282132932
-8546547807073696585
-1940074485833997937
4997711896089794223
-822096326564122019
1458165864973792299
-2561605590933119596
1855615655385037830
6994892858953373168
-3251160920902855790
-7514806842878239337
3759974809842929355
-7473341173241230486
-6775477800448104497
-4622510990314548835
-5746559790230390387
3101321659114887561
-3789549416452312643
7938179868707866816
-5936043691311370737
-874501983031131295
-3801335384524162906
-9075426454227599442
-6689775048210524217
-9133918586332102949
6535174285905421517
-390173146476265688
12928583981801056
3419573623114644273
-4668340165563455002
-1145383485979309436
-4122300821013530568
-3426197981107521676
7484263399121797529
5791634470342958636
6538496653343411427
7661871567538235654
3989627664040375810
-8212788075536630243
1747053243293247398
5142471348977611296
8471748891155708980
741954066260022377
7400684466355108349
5525794249467717709
5135480865148362417
2188061890569559989
-2067339947971793387
5690592409019263725
-5218233366725068813
5744772412223730108
-1160293371665348270
-1812186106194736716
-3292928199615169305
7595320683058576842
7682656384483843787
1788238076432104232
788519918808733549
-1582634140552186047
-7838001189870726711
-82135358382300378
3489683856329658585
8429991924773978135
3103638929580976204
-8924252855073134243
8761961586003840117
-4961629039617087658
-5972442404213019258
3273571922305720273
-3820532457479138819
-7061762152427800676
1407250256768115805
-2667532536678483622
3643264250858727457
2749973289534133657
51046658906606061
7733312036867117090
-5012499071015895290
4933979499584892563
5315329160863606788
2881965254659587115
2276999424977545926
4268204315051407076
-3399419798346991707
-1146147867379975737
-5890202897234219541
-333725146473154437
6174308168289932166
2766687031592411166
-9120903541109353480
-5226930569954152105
7183268611315186321
-8989064333347182677
-6363689685876270112
7851130832569369104
-3759934282971110810
908377063606943935
4279243725020557965
3028195993733049422
3057368424271567320
-6861552716079072771
5808564489383574874
7267703115640070479
-3453641000520680596
-5556831937576945956
-5207730142430301031
-3502111912593629083
384654761310269405
1301150219794560553
-619065579669369329
-5711576365452974730
701184828484468890
-2968051013866329982
-8265043555749660813
-883725646475499653
6765533747029539398
-2579533357172910373
8706712763808964850
-3992225060977154303
-2178480911445237960
8984347129277126909
5752007378539042734
-1341585647673439061
1119932440692664825
-6575310203992876030
-6854260368975581126
8053789347286243245
2620898258149777352
-5779699668956825381
3723557406074093856
38165947035622483
6361481399640240921
-1313994050991023414
-3767250704632992421
-4648010337700703624
6829248563523810833
2491857495398086120
7937127553190428381
-4826508114788010993
5329541741326589196
-3867424871183512160
-3487602128172117750
5489453609974098846
-7903016848654249704
8050465248340118322
8883739430378523451
-6393548732425432386
8457636689165652599
-1411138440933383119
8703498600253041469
6216512633687621788
1573121079948831521
-212623499911294715
-5607858972831277105
4422390518751520891
-4027276541379432129
3254673554227925866
2342497339436806952
4019229333597833264
-4742293071176951375
-4510468816376640272
-3401587055886006930
-6248256882736421211
-3012994717699122550
-1113547777004853895
2877902050890061631
9183303887029396054
-6396253161813926514
7953082873855771069
7519677754376971308
-5676514203397894185
606603249070293691
388593347103689161
6929303169481952569
7677556224533588044
3884638841843675837
-4691568988780281989
5993946913742672735
-5251337077837805585
7535648006774849912
-2099447311055461112
-6327649689755442677
-5883647759543534451
3218012390248554626
-1456998846469622921
-7128311966440429156
-2859416381414890487
310459324549915045
7225075965465551140
5328087578608372200
-4455180132371801384
-1505838970161723038
-8709829096507148226
-8703386239279887177
9100683786980391556
2291792953512210793
7226211299829841224
-2354425429294944185
1955642778693183530
3601497409829223203
4582093413849949596
-8028376475306999353
-1034851651038334213
-5673549149832768984
-2840694347951940125
-4018110362871330852
759066563090236094
314074756083695305
5517955948307538078
-6061787944148042466
-4606972628450027956
-2443185333886990201
5678503136282287265
8837397482385545884
3444789059555430931
9158137132167587993
-8911667080336954478
861439492508447316
479431944625118868
8279250234530172011
-1440586379952482194
3866076698367547836
-5820419326239484186
-4642022751443310567
6691471901281596933
3444940564058006588
-1068363968557316304
-8127149356021524232
5721187481343968633
-2262028203723969103
-7049416523764663502
3655853249699698702
6403221775161715907
1658880340666217708
-30540915490710339
-142280951306208107
-466076737371243218
2247871012028024369
