-9207262939619528332
-9133918586332102949
-9120903541109353480
-9115811396148070968
-9102306503795555534
-9075426454227599442
-9063182183389561638
-9003153318195345814
-8989764237350476071
-8989064333347182677
-8988348088637629719
-8964885093035992939
-8926347782371745672
-8926316930684344470
-8924252855073134243
-8911667080336954478
-8867585387398152512
-8855485823984016292
-8790915678908440191
-8771557571188834660
-8737479065046260737
-8726430505243992647
-8709829096507148226
-8707797436787957541
-8703386239279887177
-8701577709948336945
-8691652507013529608
-8658064706450284495
-8657563514493408341
-8583929026637784553
-8546547807073696585
-8523326055091131387
-8503122347241065380
-8479921480730591738
-8477943914189977332
-8361729336875882610
-8358213514491046474
-8353735949136855250
-8352069763827867672
-8328352844576330979
-8316715005321990360
-8267578734279703976
-8265043555749660813
-8239814319726439764
-8212788075536630243
-8206071115617160196
-8198799961506098176
-8194786769787504865
-8182511914377273013
-8165264952317334138
-8165110732779677727
-8163081392700852212
-8127149356021524232
-8124486748623792152
-8076239916990949449
-8052015184272155003
-8028376475306999353
-8025588740913037455
-8007247408353782383
-7998229768491870236
-7961972026742484392
-7961236958390489458
-7959095533926481555
-7903016848654249704
-7878720434259949534
-7838001189870726711
-7812211996648037041
-7780309708339099511
-7771616693912387454
-7743106910134553417
-7738025473671053006
-7661799187317744586
-7571853639058563721
-7539912439011212102
-7514806842878239337
-7502137356074687629
-7484369366955743740
-7473341173241230486
-7422549865857885101
-7336645468304627906
-7296615314526015372
-7292737895639931013
-7255276407647923433
-7143500510343843406
-7133145637024772248
-7128311966440429156
-7095177574885175588
-7089581165276072269
-7082592448877027426
-7061762152427800676
-7054881279914607523
-7049416523764663502
-6950890885358952486
-6880817617441122595
-6877286522196486498
-6871309463910492559
-6861552716079072771
-6854260368975581126
-6829462992397511365
-6819097145452110381
-6816688568181944247
-6775477800448104497
-6692134521722221505
-6690205761049849603
-6689775048210524217
-6650809009835947942
-6646149566911783434
-6632653022103669207
-6616865075801610623
-6616762556634523353
-6575310203992876030
-6569674424194386052
-6474959109502402806
-6436084266692124232
-6426146800188455270
-6404522313659338258
-6396253161813926514
-6393548732425432386
-6363689685876270112
-6327649689755442677
-6313098945810126913
-6262759494612104826
-6248256882736421211
-6227420345920859909
-6202870074217009183
-6197947334779860869
-6176874653483326039
-6128517992673671306
-6124120134725964438
-6114476990619542344
-6111190071793905142
-6061787944148042466
-6014322822904659718
-5972442404213019258
-5936043691311370737
-5935162986566942130
-5904151432438117407
-5890202897234219541
-5888832921759998000
-5883647759543534451
-5866794312149151761
-5856553619379352743
-5820419326239484186
-5817113188935528715
-5807110890498721987
-5804791865587675683
-5779699668956825381
-5746559790230390387
-5711576365452974730
-5677647910380805920
-5677270961095984733
-5676514203397894185
-5673549149832768984
-5670275222709801755
-5636280805706987130
-5635872260706393722
-5611847641169635572
-5607858972831277105
-5594021957215970162
-5591598926799844506
-5556831937576945956
-5458799465748762308
-5448782764176308287
-5372830998194675976
-5364896846258677942
-5314293361746301774
-5251337077837805585
-5226930569954152105
-5222597006583654164
-5218233366725068813
-5207730142430301031
-5136756069244618007
-5082824924850290202
-5058198071448070630
-5055458915578702470
-5033423487985239719
-5012499071015895290
-4999679695138812779
-4983751022139309624
-4972444985546605102
-4967673364608729383
-4961629039617087658
-4929539280386140996
-4927837106403348254
-4911465812038860773
-4906149528859818805
-4863140864180223541
-4826508114788010993
-4786361186902378975
-4742293071176951375
-4710097938083268614
-4691568988780281989
-4668340165563455002
-4648010337700703624
-4642022751443310567
-4622510990314548835
-4608567903184662208
-4607348818571532374
-4606972628450027956
-4582232186316414030
-4534512398130830968
-4510468816376640272
-4483489004955568014
-4465466707714321699
-4455180132371801384
-4425904536755542890
-4401838640887232869
-4367772239992014587
-4334511871020585957
-4310447470096239470
-4305089984625498032
-4266105880659841578
-4256052963599749831
-4251344193420742174
-4147684777216609494
-4126151395353408905
-4122300821013530568
-4102133969464971608
-4085036791671570816
-4072258364496628989
-4067674864061583102
-4058332420450087573
-4051689301315938140
-4051197599258891376
-4045035097662753247
-4027276541379432129
-4019003279634974479
-4018110362871330852
-4009855282184831420
-3992225060977154303
-3983176500425367984
-3973053784575894083
-3935438036947727083
-3897287101340609876
-3888979684774313981
-3867424871183512160
-3820532457479138819
-3801335384524162906
-3794064803490874434
-3789549416452312643
-3767250704632992421
-3759934282971110810
-3759835155402889668
-3731422444064291444
-3727857550254240338
-3706050079019484578
-3691300424729261935
-3646017720696054132
-3548303464319400759
-3548173947543010672
-3502111912593629083
-3489675936510518273
-3487602128172117750
-3470935377739107319
-3453641000520680596
-3432216644699497887
-3432003133117198682
-3426197981107521676
-3422880939710601534
-3401587055886006930
-3399419798346991707
-3304543797561154062
-3301268014115067673
-3292928199615169305
-3281325797298697901
-3251160920902855790
-3243474600726604821
-3145377118005352759
-3139542961154381397
-3065566194099328073
-3048730485147274665
-3012994717699122550
-3004937288462359954
-2987619455288318309
-2970448810458460317
-2968051013866329982
-2938890818773435888
-2912103217836648608
-2906031020114692256
-2872586047956382323
-2859416381414890487
-2845465152110962609
-2840694347951940125
-2783197445008646019
-2779655835923668407
-2768291685019136446
-2748386213806589806
-2686352489178272635
-2667532536678483622
-2639960558151173196
-2615273513869869201
-2601782565977643263
-2583760833259355323
-2579533357172910373
-2561605590933119596
-2494316432959379655
-2485959457670175583
-2476160640951250993
-2450705742120570119
-2443185333886990201
-2420410259935086146
-2395346511082761053
-2354425429294944185
-2352655806169180156
-2337196435735494117
-2322144321963903176
-2262028203723969103
-2216228285496010573
-2216068545994928746
-2206442589151832502
-2178480911445237960
-2149473475130732975
-2099447311055461112
-2067339947971793387
-2066226169686820357
-2051411825776978957
-2029817504766173864
-1980557358493554824
-1953738557470346440
-1950249102929425507
-1940074485833997937
-1876741032761223399
-1849184009113836454
-1825455822665396116
-1812186106194736716
-1798098577135777183
-1794477750599637642
-1785561913803981940
-1707574274457764123
-1690327638131963353
-1608417391433953931
-1589767045427993098
-1587259040438225521
-1582634140552186047
-1572002024330463770
-1516707881825871838
-1505838970161723038
-1467749725580075172
-1456998846469622921
-1443188862689498483
-1440586379952482194
-1411138440933383119
-1393346082677002605
-1380507831384154483
-1341585647673439061
-1333528846256404214
-1330929551868815569
-1313994050991023414
-1295917336988025250
-1291755037621560407
-1191580047859585896
-1160293371665348270
-1146147867379975737
-1145383485979309436
-1113547777004853895
-1098640406538295291
-1068363968557316304
-1039532828708445169
-1034851651038334213
-978660182222338400
-957173187973340795
-943362762029374575
-883725646475499653
-876939782883706505
-874501983031131295
-867794644026965464
-852485814640306072
-822096326564122019
-766450037436558024
-750109241294292866
-729117195682534953
-650688914830685660
-635035138201919131
-619065579669369329
-616636958567917777
-587073404323886541
-582133509778050818
-514129858838131398
-498710966624084646
-497361038330680504
-480848606226015977
-466076737371243218
-458458835019110810
-430107298599397707
-399785784532640173
-390173146476265688
-357441962739252946
-333725146473154437
-304432011505947162
-295175676474901326
-267041865248099963
-239807671601404634
-237899801552573284
-212623499911294715
-194584417489545234
-188566340773762585
-162313399861506256
-142280951306208107
-86409723552821285
-82135358382300378
-61235240041457449
-50662915826127195
-36639292923958343
-30540915490710339
-19802522909862250
-7980402619441716
7051150032731040
12928583981801056
38165947035622483
51046658906606061
58455315725745842
141556905538859788
161638668616674300
248735870470482509
257934853038134275
270860424639277793
305975366918816289
310459324549915045
314074756083695305
337579564666720298
352905564774809684
384654761310269405
388593347103689161
399585947486511149
427476167358801229
434603073332762087
479431944625118868
527133115380050430
561549890247363589
571326923104094002
586382658929618221
590540518922709022
606603249070293691
607366996273418291
685464558279017568
701184828484468890
720368893227105938
741954066260022377
757115811959161285
759066563090236094
779808206342468112
781440293311098046
788519918808733549
816567617102128108
832738601128393815
839861388653910726
861439492508447316
874891973784234381
908377063606943935
954285980098478835
966756744728497940
971676713459580623
1014040384979526642
1073902984099601028
1101812865471641134
1119932440692664825
1196272407715462997
1251152708469543346
1266454434500421562
1301150219794560553
1314790547146724865
1344139468569527694
1346765952712865826
1407250256768115805
1442296121842329760
1458165864973792299
1488594860323066841
1514158571282132932
1571301738618281295
1573121079948831521
1584356040687692088
1627718526252986403
1658880340666217708
1747053243293247398
1749309470545487719
1788238076432104232
1791754526557748621
1812706298443799857
1832427937099993066
1851818152874338922
1855615655385037830
1866176140044032412
1866888502666534910
1906330839789725560
1923453970115474060
1950279375741379254
1955642778693183530
2003835982282957968
2006136456360775692
2035931274706813707
2039769770802062835
2078314147973054886
2097307007510118082
2105377629030586949
2137483604818794050
2168895376220103859
2188061890569559989
2216787969029014599
2237498552251007401
2247871012028024369
2253539428714070989
2259081907627394876
2276999424977545926
2289827159688578702
2291792953512210793
2311704155699700531
2318699938442756697
2342497339436806952
2347767338187492323
2356859735486859272
2357464334041398870
2379358756869978354
2423684057173587071
2447038208610210835
2455369121248692535
2491857495398086120
2510078096274546435
2511784445272555385
2521837808108850365
2535181718167902374
2549377576143742122
2620898258149777352
2630639812767318534
2698335566058650576
2749973289534133657
2766687031592411166
2796023730620766546
2826651765905651644
2847647319559585136
2877902050890061631
2881965254659587115
2932890472972477559
3028195993733049422
3057056750396827705
3057368424271567320
3078009575279937775
3088613081199677206
3101321659114887561
3103638929580976204
3130583105371459905
3160738448124505441
3177760560479638607
3192599485379125984
3207251264005564901
3214179352154085190
3216725649056145197
3218012390248554626
3246269382315470397
3254673554227925866
3273571922305720273
3282834969569806008
3290613551500300054
3295897115392262119
3314487520010011610
3354247999399361469
3388497298287535830
3419573623114644273
3431645971969221160
3444789059555430931
3444940564058006588
3489683856329658585
3524641361689390101
3533650129859218052
3599363821475700411
3601497409829223203
3613336672774593212
3635835869568565846
3643264250858727457
3646681111750585751
3655853249699698702
3680726586933807407
3690007511504544165
3699221006772395656
3723557406074093856
3735533901030230266
3759974809842929355
3855245224927442233
3866076698367547836
3882829917928275168
3884638841843675837
3895123362013177324
3901500301652137232
3906071384680156524
3942908904259748037
3989627664040375810
4019229333597833264
4057557948863852173
4061603738668688517
4077964428825992295
4128577680458019397
4174178620797749797
4268204315051407076
4278782114965629295
4279243725020557965
4288381304284145246
4303416429348067127
4326274184086191411
4361047636687445924
4422390518751520891
4457164134546126849
4493511637635784285
4514202381414694952
4530782670544058223
4535205515566022386
4554404496491859710
4559932990917893092
4568009951415323519
4582093413849949596
4712354162536845435
4764367393795766715
4804633373236815638
4882854014974512530
4933979499584892563
4937932680732800373
4943047283496013643
4997711896089794223
5107700229300439884
5135480865148362417
5142471348977611296
5158904735999248908
5184824941954089861
5186448022800684493
5212190954271966142
5231503429866055981
5239711733482374034
5315329160863606788
5328087578608372200
5329541741326589196
5407595951597907270
5429300304121168916
5448713942909849962
5489453609974098846
5517955948307538078
5525794249467717709
5590309041854071841
5623510526953763430
5655734965411449510
5678503136282287265
5690592409019263725
5721187481343968633
5744772412223730108
5752007378539042734
5789113460258487854
5791634470342958636
5800389830779466232
5808564489383574874
5815389210939548015
5829917763869625912
5842105057485313532
5900990720590057988
5908190479668736539
5930800974069328112
5935638678014858666
5957243983928430533
5964479912344298488
5992011536326866161
5993946913742672735
6020321979333409612
6040216379515633266
6051553273478727076
6052786728275512799
6053381315606074279
6094140081147174154
6096486425452443784
6116158650419546786
6144927438436879505
6166132506148916639
6174308168289932166
6175954732445759147
6180481541989685309
6209783547795910204
6210007954021094189
6214288011084561779
6216512633687621788
6360115440755477976
6361481399640240921
6379373222005899732
6403221775161715907
6405691071801664389
6407889898548512487
6419906805806885138
6443863487433546121
6535174285905421517
6538496653343411427
6547724243945458615
6572485115095407379
6580912579268044336
6601760329508244903
6691471901281596933
6695996753447205009
6765533747029539398
6803205715090979305
6829248563523810833
6860109896351052120
6872444584185951312
6873272352590135455
6887314096362325559
6929303169481952569
6945689066916468009
6994892858953373168
7129066042267719801
7131188458309457680
7132083712899901723
7183268611315186321
7207477824755880148
7223634935871583231
7225075965465551140
7226211299829841224
7231337171971515051
7266192623289447656
7267703115640070479
7290850969972192192
7310040368285281741
7325039658400232713
7362185272309386217
7391017749273993638
7400684466355108349
7406763369240942847
7414300661320256633
7463395841738341521
7484263399121797529
7504100835698428236
7508537267916308483
7519677754376971308
7520663368531788804
7535648006774849912
7556424204498805352
7595320683058576842
7595569794294269221
7648333723779518852
7661871567538235654
7677556224533588044
7682656384483843787
7688830982400638763
7703983351297634539
7712546983535748251
7726126844124824127
7733312036867117090
7763828032551041748
7799797966841278708
7811282420303905514
7851130832569369104
7854681649626689611
7882580240647727564
7915365529724245281
7917213583168177432
7922902648520613763
7930662866658246626
7937127553190428381
7938179868707866816
7940009835220142706
7953082873855771069
8029395036538392871
8044268890210537428
8050465248340118322
8053789347286243245
8071709912665824899
8083799320829623185
8089511725108685217
8115187198238325286
8146946710778380897
8147547786503550876
8194476691801797577
8279250234530172011
8361365409695576442
8375584544848885834
8380425891590317756
8429991924773978135
8457636689165652599
8471748891155708980
8487551692403405228
8528716812568584344
8546830177922075251
8597411916492926589
8643393168101111545
8674877646684614060
8703498600253041469
8706712763808964850
8726503586764608317
8735009206512513325
8735166705728589298
8760742837605808501
8761961586003840117
8793920886173981007
8803799734774752250
8816702378129199655
8831861673045808910
8837397482385545884
8880428137813605949
8883739430378523451
8984347129277126909
8985606651222227054
9008175911773243229
9078464397203890834
9100683786980391556
9138084288730356400
9151568679303404038
9158137132167587993
9183303887029396054
9198654912680263869
