-7481642023742636156
1415442443456862346
4957759325969848373
3671445412091771913
975436119125694254
-8896754355331034728
-1261910938067369600
-4904710718707129416
5327362145932435116
8227597224422446345
-8660338320460601255
-6394667943891093215
1929945904964993344
-1662984123941214562
3938911912035477354
-8246845229081930114
-6752361583658642019
-7895129309712128851
-7940346542485338093
7236427347124504031
3081843198868674669
7943868749127714463
-8542209153366432537
2526315647041660840
-1572196964031367477
3244940441665497971
1394117723252087850
-2317136245284001519
-6873941383336941366
7331461460194687034
4481324725435437658
-3735886747058484571
-2267676888651572244
-449573366441261415
4071138104801133731
3867951174778189507
-273000914100474453
-6654518813339245750
-8705594645200966807
9144213267074885664
541562968656803315
-2720616369202307941
2339542676905520322
-3267881123298156477
1869931724081865126
-1725427205487075091
6909345886253162233
3517707539179089416
59867753227836695
6145632261220838710
-3420059997675562227
6101304908382929950
-2466362454323458417
-8578065198041363584
-7291149958441345233
-2353140593734492279
-4470554565322596148
-3180886394429529752
-342150525240327864
2551644486419168800
3666081442818170237
-1266672025561084257
-8627981611475390096
-1678580742519790320
-6235154775228442681
5814178984952028012
3810017487559593080
-9100569209401804969
-8582540108282534205
-5627068137841952983
-1242692602304315807
-7625858113575887798
-4731763196774666243
7750070669242140354
7934137696082687203
1793756471121868303
4004346556806185463
8193886226136580921
5640360251410981351
-526593683993221084
-6755875263250710876
1236273212810635300
-3597049189050429939
4542323579118890454
8214067518199207405
-6228419465271070163
-6393680631540565209
8715083882924949707
-2925435813441489
2930594278381645201
4943058272713201340
8720268574363455353
-5599184617375881029
2403620862687564962
4496053937344871558
-4917631952767351892
9127248460388104277
-582342722913829307
7902100607907629300
-465763409621067516
-4113529596946354250
-4393019389192921995
1589052192014613417
-4906963575622990988
-8982324714490584566
3400894446318078654
-6971064220823426565
2161667736441021892
-1561312257848352909
-1686411104760353598
1633921153958609269
4204372607635970064
5272121613289709444
-3622066356015244104
4207328468618893909
3047877907550174792
-8188342654053762106
8305211452844911080
2218430819910015503
-1886760300754374994
1865282459307063862
5749559905494279984
-7464420470047644216
-4289219166399584166
-4328485017898162235
4377368455002196354
8345976863910634715
-2681142266052847175
-5816659290931625257
-2924947386954525084
3285741557491897176
-1060329718580775158
7520533652193916357
-5494649885306723730
5528420004777682048
6693802919830921440
472545212999737691
4668148004476100559
-5044100407690152630
-7880112181223794013
-9133392802737146022
-5443155264323371831
8018107542786019042
-1538173955062165233
3375370904068515063
6002359250451698225
-6806768414102243036
-6271951355462094670
8049479788700470618
-1271923451653889552
1818919017991167269
912308790638218354
-2621930496840477664
-9209980171706997372
-4294835765373995093
-2854650085284948986
-1995693270362408998
7492036704958065791
-5890510189332161616
-9142018607262541192
-4309079267947283316
-2318428417645262073
8118317418766927075
-942993901008098135
-4873096949088328145
-1008363987992946603
-2058173204449363418
-6569514135522936883
1821388296044233519
6823768901720259894
5060806368275955729
-8617339513707806741
3596732122007783149
-7323288803531009395
7051145095644109678
4210059785460672094
-7394440741553621954
5402270590294052815
2736782064538346427
-4791507323426783146
503969477577267178
8107364855362161029
1777696974405543339
-1066655594101113512
968419441503589166
-5496545595433222194
-8848081181850413659
-1557500831534965318
-7663659028567804358
3158966715408268506
-5180438257173818813
5487101393722063144
3913578045761284788
5389880768188973936
-4730922220121819435
-4432496625909164766
-1347111990627570124
-8843706108097802903
1019843009931214300
-3853619917766259845
8384271405204200646
-5018666859332593102
4029483397545800591
436744201097756892
7404195466887875435
6120396078600523086
4470846507844417625
8263405215751285567
-5620601141990034792
-6992861270979453742
8848525433196909400
-97701428937398156
6310535992379418805
-4248173029032849432
829497570265748704
2334681967780652191
6509328195439864990
-7536556570795537076
-8021384129351448330
5145720210486907064
-3593114304567590874
3086730560712243666
-5564241357899400746
4003168955939645705
7258363593960329872
1958005005710976734
4891121031911555694
-6742918575892755532
9155916634190347028
6249776772587540714
458189876571517152
-7193844274208891093
-4723829742974925984
607223307476430340
1825729513005742340
-2611107590398359370
5567804945701159444
7824735953351494733
-3777982542317996317
1215347111139832560
-7258323375980772027
1930414665810690171
2157761966212530493
-319495546867538870
1545981415542672635
-7702268220121996201
-8152310878801736700
6683627432804099463
8516750897561703858
-4923834541788994240
-2299261722363405601
5183308033181317182
-6473613982244703523
1829196726253019815
7557956926289511336
-2765341347475120804
-3815085798878906018
-2504111967942370159
3350639649415332078
-2900807748836480097
959237095791819280
-5073570324249562600
7877630261143213172
5447342220816463388
-3297264277435249602
-3377213933107335190
8453946320833362352
-5234747978041294151
-6608310392425781208
5750569111805832904
-4864219204691744691
2532580788560892084
-4079546027487522427
5447980384247890440
-3278412442886396247
-2292442158889865446
-8969723071768931844
1152092274094454292
8123265186677009496
-8466680199191567536
-8929253186926050391
328630468059078377
4208441588733727903
-8919885641771950194
5084418153040980895
-714486125516409191
-2268953783621705478
-2345507758065366688
8619751261418415200
-6410081307209692215
5022268496587164566
7949379315782750243
5312793115454675047
3694719529378316340
-1271663019112666665
8829313410265650062
4953561430517320862
32360431763920678
-9113288652899967276
8688727572534221350
-3874391298141340952
-6098413964927560703
6880354538566098390
-1972965132621768760
-8186511952128967528
-6891017469894924100
6552132502861036765
6441717410616640547
-7940439059273579272
-3218702363966147489
8234823658162673435
-2601744056863162053
-4864713429043958844
6488830841569841544
-106541646349222026
5227731103786570216
1648632805345068972
-9081707521239649047
3275502899589219082
-3948607420500041643
-4485175392944269099
6379375431924734919
-4218065632073057371
4404778252054860929
4198344777702654809
-8955730448534173059
2379899762701349450
-8732088644883334463
3134345824200415682
-5304448607728461065
624733897325351343
-4225456769024656836
816482085911656339
188586183835917111
-7923228211153016642
-7379955495147086994
320059426037132223
-3881880065252557868
8308742135098785047
-5093091468737913179
4304079202969121584
1398407726199623286
5337904893686803853
4427316643812876935
6022304673235764033
-7475909808484002725
3281176582144435365
5298919121217280650
3142825255498179653
-523039457507615531
-8971511350761088230
-1846844174557571717
4612391747937836030
2010836480158856138
8685344116592355932
3062279862782350328
-5233028038837524442
-1327282911935668173
-6091166602962587892
1635012012175355638
2510740298173221098
6285142089914479261
-7726152343299474559
-2448324322051469765
3452071167649389417
-8668531662008900693
-953016631510328762
-6068765648020640028
1157277261136577593
6649152659944440465
835563921057652889
6596961537767782881
2764554961064978915
241436871130313627
-1848168994702602002
155919393018554996
-6958609386559455390
-4635181474970911068
-5406060162949296789
-7471860033942240074
-830749234769174872
652340994318822815
-8602203938849711511
-7925366704050971630
-113298420655672550
2724972622908586770
1343974012925358329
-5738829368954803768
3048031623627944975
-4717135838759530346
-6588043290778115748
-1944407840768117909
-7769837057141805228
-2610748687446272679
-2778173263935830646
-5651932251989180060
5376113564868567979
3733835711444307099
6025741263967585197
479087528822547821
-4584720963711161529
-5996182496254901196
-4476155728057851741
5290374880586469654
9127221479671002705
9037276307770823437
-1208048431086886273
-3470375008170230717
9101398244268463463
7312512793491629986
-500014127928622329
-2970178866816541781
3069834503881380887
916867645219104391
-1780192691608227272
-5835624298399176869
-807986577703902359
-5359158737061029664
-3832837867061352258
-6882076272116059854
-8410663335632104366
1692675082049579751
3910760921249778301
-3635612463748986014
4335762759511155266
7032849932822264425
6778982532256602379
3595201153285619445
-4131600225215951465
2268126045196973385
7791841059686364723
-5506799372053736890
-2062860063999130073
-830594282386536452
-7160832737250822541
2177925414551854980
1709843864661779899
-1496649989576287220
-8573400954044497026
-3800802091920409806
-224164048952165746
7186651849048204950
-6993369379314381124
-6058669017728423254
-81396956242058798
-9150721372317333813
2356347395909014469
7229242985215388309
-4838626861221203413
6172563118637790322
3854957881788656362
2938955602216666484
-6930050378269608398
-803968732784886171
9207696198374402988
1813308061419387419
-1075370825223145741
-336941774661953265
7504399189061754690
-1723085609240137168
-5323231967343372689
1926844773338954997
-3769414042384825576
-5321543054413756240
-2583019801982862821
-5819646094899915478
353867549071743819
3134523935574024299
-3959876366892546721
7928397300066958808
6226194658149750061
320840872156220035
4361568448433071129
-3916722454828248386
-7567421131356276281
8645080432746495217
-8640477743566035689
-4695283742712738387
-6990264781480841134
1817444287259662592
-8602460231145724768
6590244226169632010
6842889792238063805
1691812741276074448
8716989530808141548
8555868674270632528
-5199111659552700885
730771343657124564
-6274639471325117785
-4552709733888284533
2697111042595357042
-3989396624582064555
6927064860028910450
-8828700666686602531
848169003188059036
2910421268592303084
-5103265302095401886
4345937873164104444
50897069390219369
-2503755068500275444
918580709476557439
5110524424059250610
-4990144524683560756
2521371345578085750
-7385676929128954042
851773610527621980
7417968412120190314
5241381789416742338
8162533068241042216
-930695615073355156
543008845954890014
-5653015739343018531
6382109975429545993
-6339975327543213592
2698651499323585400
6875020655191572869
3567845074663519170
7588304627176705512
-8142714455005979847
-6313789668015085361
-4626866275963004257
2268899553535270939
1605477908710385880
5166155516085216930
1091535671812127201
7465972124013848131
4770532861984207104
-7564091102989836487
-8465623629335133636
-4718020425162921804
-5973645925412145392
6789274556422563493
-2460134420525954469
9161359213049940185
6651592706312245145
5921828125729285961
1243787274806303064
8396354303335141295
-5453899786106924316
993922489307584604
-1735935263524191932
6253620284506246216
-3662115809511448726
718586927783085163
8209352260933306789
-6337906986526735798
-3209758443654091687
-2574333631294496812
-1422205824857921038
932403276885157998
-3329717347650655210
-3627221154436944053
9083436267593192473
7674742908655236865
-5198497679510946123
-5956686149877432743
2249365875196153594
-3936349396837153178
-5518875923958369149
-7081039026892200488
-569430291622813462
4361913068266798481
-536534074226007939
8943336082757673592
-2987266280436053455
-3439037165779201907
-1836685473309213994
7879275805497195326
-1680768919486066804
-3177040576286716168
1044295281760260981
919484092244523008
-3879604775018556245
-6382611886412299646
178584530632266868
-5459694473101514774
1505679784580073140
-7766589612863038094
-434210716754340702
6259363578596587515
1318612939801237182
2197906622662375712
5409495886910667266
8208254962927622536
-2402747954994248617
-6118825600062970756
7953809058599300170
-6212064260641392455
5491467225195345919
5443636692308869766
-4276410682497968283
-4368934872832867577
1726778086278655403
78375299424663763
-7121974266570572302
-3755990089740796475
-8188758383379255485
-3708131660220879345
877652343525956546
7787039326120750228
-7905511568471793884
8091323510126450805
-498211596411217827
-7670420466458589204
1524792428467425950
-2366933103383536551
7779915300063807870
-908973101656210534
8280344722518391926
-1050670846920115553
-8448421577363110509
-3939025109744687812
-3370897172006099098
2277907569398501185
-1858008620416006594
3994374517322214087
-7688114273444347751
-5714786517805801524
-5808385906398979370
3005752757538193666
4617414650542748207
-19983299331540509
3335693180844780263
-7619729332666349048
-8897966656945762881
4270900043622080955
6549467545599772846
1003251460004737994
4071349175629645520
5117364454906777758
-3905432133976173667
1039880475830312587
-3129327947384603298
3917802157931856744
3900468878659545821
-675991352616873118
-7836450050522867620
3246939751205230861
-3285998787633369145
-571778821089555781
-1952413526403829716
5836433161201795345
3642221334908409962
-2058562829881326890
-2782463946713085656
-2386558804518356466
1252175983094436361
3974826910664009287
6109288390114991645
7013446556752453682
7781540584677225370
7668281030939394676
6997325021080910539
-9183733512827876418
7928642380349653063
605245706667675162
-5565352641542035866
-2395631108180934776
8202698735499835889
-3285613488215556151
-9074744455673340392
-294814198997211270
-1746168984969329752
-3942395496826948509
3470574275708133245
2991045471661254416
5789866647381775412
-5677852961571412575
-3876058918374505691
3272585758649743326
-7711058407960037232
6681330053849411726
7027906583067944725
5837296205019076616
-911665662403320215
-3548144140097475574
6642066654012746054
4623017919219026121
6899421560071102115
930984331564732232
6136301358979379749
5316334885302836460
-4965504598494650412
5630417632851339344
-2294810260705013999
5330845982920365910
8731351889056180423
847299919674155646
-8604854800411976479
-4320155032935425670
6662547228709243643
6732977470580661505
-5744906071551114661
8703121299426140643
-4854768690389643998
-973135466299125411
-8781757941470217538
1438428630814333614
7307544740336868770
-1326638208385218071
2993162174721617977
7055805649996937229
8911943234812957975
-2170367448931178414
3706612662459491953
-2559817579194833211
-96427938861299505
3676726047430573078
5349571661326824703
4956866480115370672
7767839707120610636
2569781443699992842
1877050527228580336
7914440791629319484
-4347398755709843258
-1133765192815583787
497613646880271427
5874247512012192747
-5847091071669815897
7961301868660202098
3671580902804297327
629884114406340305
-3900801857682197235
-3791553356520044878
-89592757161869094
4958867926363696921
3410939638070759755
3254652092058835128
-129529786216151965
8584632951770297728
3470945538579632232
3411672421416749947
8696170526769462489
-1588998709514430248
-3935860708245047650
7665749448804132167
-1188278687072455807
-6079567250818198393
-3477581086158382884
8811631019522805308
-3333589530760046188
6043327291715407621
-465745674787160251
4736304824611354318
8709818167146582718
6382387271686285410
-1800322582823970897
8763204319650893379
-4169712531491352671
-2414829113849866051
743699331899193381
-635670274442409672
4339098619655895120
-5780979699329392946
-2880963217945022106
8435058631749416989
4451494579965830868
5265755220694892125
-467652424525876893
1580217652859710900
3245795902874005930
-4911807433706926392
5974411226629551556
5302562291455931798
-8841768016548428221
8849705621450316162
-8198721076437627292
4009904766735194798
-6117149659689839741
300049238727510158
-8803124909089755183
6139603172172922299
2060638045972874307
-4433532585360120568
6394604339111925197
6131556528478960595
-2371143308976813616
7824968052549543324
3097591414785586640
3794387416949236955
-8939901251191556503
-6755568100994790131
-7699220906490773117
-4530039367012417009
-2138123644498532412
-9103830805257889616
-8213286809106613946
-7780060678152000383
-5729276661998730871
8699459220986035950
3002545323209854635
3398677249714418577
8826107939150608342
-6736320273606066747
-2189086081414621448
-7838756193288809606
1259619038025951673
-7493386210552907448
4164941971782716842
7343546299253128133
8238773370415778745
-5081034648092628453
9111340468441523949
9172426823567680980
5675671922208465486
-7210898073739633673
521567925331604004
9195159611865611097
-2848158973571904412
8377967380325235756
-1999423835993355161
-2176992462444999461
3025208517607087581
1187300939562383386
1839349073390609152
-2839706547799205832
-5973708641612215796
3224997446042069943
-7613898698160241171
2797662563403538206
3112503680399007290
-5093365412720173044
-1910211055447045534
956072848275164560
-4050754436763530204
-898608699289691720
3185936293242797380
6569585975903744103
147577862955779195
825205521476974443
7885903993012725166
-6306276763530937394
-123804035753320093
7851722702001332332
3428720044598024048
-4383349226756005434
-4290634449787035404
-6192963162446839020
-7845430491123001973
7153005622432282784
-3075177816998793284
8214153996453815121
-6878534523655813962
5444756344962249093
8343325814370878268
-619216491692082908
1474754524092362204
1656633889780899569
4932515545304417382
-6520766129856946397
4112479582070378652
1528153047512271668
8184252295766903334
792209067288973560
7786606282414425544
-4403649022911750416
6187235711566078934
8025929823532464607
-3977658436147580442
-7156200951260932194
-3692113408067324985
-7079827993134492884
1039419572381042610
5043334624119016969
-6105597397816649281
1021648942894011075
4755888375686617754
4525239461833641168
-8041976369776398986
-4798025671412553314
-4825735839558549184
-5876667853495404824
3512819432715405592
-5732527052558658997
5829383345889445884
1941785887800294937
9002132644338426822
6346307194480062315
-1722900423833078952
4555121484240578940
-8742435251714261996
-4129636626894489035
-7623602226122943854
-7752331288299951101
-3100261073479429492
-1095820867368828688
6349892185962209821
-8273460765176132879
-1471456559308950486
-73761653502380676
-2455629808410477024
-898057388213889954
2780658845650883807
1039666186239724490
-7474784616831359755
6098646828216051124
-5829339226909410801
-7265605294690719649
-1480321069610022485
-1746762795030166987
4185127195858892050
3859359959869824726
-2711291909586094459
-1718769520085272206
8568378162567572918
1355899738994884699
-5481112971518394503
-1471148829830734379
-8119069475217179461
9120141997245119024
5610339210209248434
6474042685133032216
-2402525257120639402
3579333855486886955
2293182193251042575
-3789227657915089716
1340630657950713007
1791020587799306038
2473386402949349537
-4606391195877870380
4319913473130115683
2584297557378753487
-5994118105685693647
-3438505874107715097
-1012166697147611902
5491333927898112133
-5840830785609240905
3922914012482565649
-8118968488397961326
2355715733846083713
-8577999807995216412
5726279513683483954
-4898255396934048502
-3942316365183323654
8618191427160848025
8954374833137484669
-1494698148759850280
-6551460236026387264
4980916815942766
-6916069795964896261
3564437505917127516
6505971147286640818
636313174687527724
5866085835005400838
-2726741939071682454
7973901789952787528
6082965950914732371
-5249498853594056498
8202513813903945164
4950088449347476234
-2055370959999073643
-973721093064294441
-8328007352208059458
-6305187671996965866
6604236281689555545
-1403491316072744071
7852813690180788592
-1352528073582522210
-1070069008584927687
6160988040617243231
-2920390057283942520
-399058887765140888
8719661455278084228
-6380370615508092663
-4467418738610672995
-8150068950245232052
4211292568257102525
564157993194723402
5677558247042674109
7798830756004918970
-3618088709939974118
-722493572496489526
8407342313901509864
1598915769716787761
-2889069643057639418
-3557717794786942844
2963889147824018
5544175653790302665
-5109921836036431713
5677430853930195785
2479810332097026853
8174679212430795690
6253834190516341048
7681995439677591356
-7268944638296765059
-8035975062837496429
-14837200831165224
-60975953362633643
-6935645863954823318
-1778360617547572396
760717920550407354
2322358360103521758
1102475602594119473
6010080033346995540
3882164342916504267
403316580792824057
2832786418621969163
4929512651751091979
299827067184618544
-1927998924829394153
