9207696198374402988
9195159611865611097
9172426823567680980
9161359213049940185
9155916634190347028
9144213267074885664
9127248460388104277
9127221479671002705
9120141997245119024
9111340468441523949
9101398244268463463
9083436267593192473
9037276307770823437
9002132644338426822
8954374833137484669
8943336082757673592
8911943234812957975
8849705621450316162
8848525433196909400
8829313410265650062
8826107939150608342
8811631019522805308
8763204319650893379
8731351889056180423
8720268574363455353
8719661455278084228
8716989530808141548
8715083882924949707
8709818167146582718
8703121299426140643
8699459220986035950
8696170526769462489
8688727572534221350
8685344116592355932
8645080432746495217
8619751261418415200
8618191427160848025
8584632951770297728
8568378162567572918
8555868674270632528
8516750897561703858
8453946320833362352
8435058631749416989
8407342313901509864
8396354303335141295
8384271405204200646
8377967380325235756
8345976863910634715
8343325814370878268
8308742135098785047
8305211452844911080
8280344722518391926
8263405215751285567
8238773370415778745
8234823658162673435
8227597224422446345
8214153996453815121
8214067518199207405
8209352260933306789
8208254962927622536
8202698735499835889
8202513813903945164
8193886226136580921
8184252295766903334
8174679212430795690
8162533068241042216
8123265186677009496
8118317418766927075
8107364855362161029
8091323510126450805
8049479788700470618
8025929823532464607
8018107542786019042
7973901789952787528
7961301868660202098
7953809058599300170
7949379315782750243
7943868749127714463
7934137696082687203
7928642380349653063
7928397300066958808
7914440791629319484
7902100607907629300
7885903993012725166
7879275805497195326
7877630261143213172
7852813690180788592
7851722702001332332
7824968052549543324
7824735953351494733
7798830756004918970
7791841059686364723
7787039326120750228
7786606282414425544
7781540584677225370
7779915300063807870
7767839707120610636
7750070669242140354
7681995439677591356
7674742908655236865
7668281030939394676
7665749448804132167
7588304627176705512
7557956926289511336
7520533652193916357
7504399189061754690
7492036704958065791
7465972124013848131
7417968412120190314
7404195466887875435
7343546299253128133
7331461460194687034
7312512793491629986
7307544740336868770
7258363593960329872
7236427347124504031
7229242985215388309
7186651849048204950
7153005622432282784
7055805649996937229
7051145095644109678
7032849932822264425
7027906583067944725
7013446556752453682
6997325021080910539
6927064860028910450
6909345886253162233
6899421560071102115
6880354538566098390
6875020655191572869
6842889792238063805
6823768901720259894
6789274556422563493
6778982532256602379
6732977470580661505
6693802919830921440
6683627432804099463
6681330053849411726
6662547228709243643
6651592706312245145
6649152659944440465
6642066654012746054
6604236281689555545
6596961537767782881
6590244226169632010
6569585975903744103
6552132502861036765
6549467545599772846
6509328195439864990
6505971147286640818
6488830841569841544
6474042685133032216
6441717410616640547
6394604339111925197
6382387271686285410
6382109975429545993
6379375431924734919
6349892185962209821
6346307194480062315
6310535992379418805
6285142089914479261
6259363578596587515
6253834190516341048
6253620284506246216
6249776772587540714
6226194658149750061
6187235711566078934
6172563118637790322
6160988040617243231
6145632261220838710
6139603172172922299
6136301358979379749
6131556528478960595
6120396078600523086
6109288390114991645
6101304908382929950
6098646828216051124
6082965950914732371
6043327291715407621
6025741263967585197
6022304673235764033
6010080033346995540
6002359250451698225
5974411226629551556
5921828125729285961
5874247512012192747
5866085835005400838
5837296205019076616
5836433161201795345
5829383345889445884
5814178984952028012
5789866647381775412
5750569111805832904
5749559905494279984
5726279513683483954
5677558247042674109
5677430853930195785
5675671922208465486
5640360251410981351
5630417632851339344
5610339210209248434
5567804945701159444
5544175653790302665
5528420004777682048
5491467225195345919
5491333927898112133
5487101393722063144
5447980384247890440
5447342220816463388
5444756344962249093
5443636692308869766
5409495886910667266
5402270590294052815
5389880768188973936
5376113564868567979
5349571661326824703
5337904893686803853
5330845982920365910
5327362145932435116
5316334885302836460
5312793115454675047
5302562291455931798
5298919121217280650
5290374880586469654
5272121613289709444
5265755220694892125
5241381789416742338
5227731103786570216
5183308033181317182
5166155516085216930
5145720210486907064
5117364454906777758
5110524424059250610
5084418153040980895
5060806368275955729
5043334624119016969
5022268496587164566
4958867926363696921
4957759325969848373
4956866480115370672
4953561430517320862
4950088449347476234
4943058272713201340
4932515545304417382
4929512651751091979
4891121031911555694
4770532861984207104
4755888375686617754
4736304824611354318
4668148004476100559
4623017919219026121
4617414650542748207
4612391747937836030
4555121484240578940
4542323579118890454
4525239461833641168
4496053937344871558
4481324725435437658
4470846507844417625
4451494579965830868
4427316643812876935
4404778252054860929
4377368455002196354
4361913068266798481
4361568448433071129
4345937873164104444
4339098619655895120
4335762759511155266
4319913473130115683
4304079202969121584
4270900043622080955
4211292568257102525
4210059785460672094
4208441588733727903
4207328468618893909
4204372607635970064
4198344777702654809
4185127195858892050
4164941971782716842
4112479582070378652
4071349175629645520
4071138104801133731
4029483397545800591
4009904766735194798
4004346556806185463
4003168955939645705
3994374517322214087
3974826910664009287
3938911912035477354
3922914012482565649
3917802157931856744
3913578045761284788
3910760921249778301
3900468878659545821
3882164342916504267
3867951174778189507
3859359959869824726
3854957881788656362
3810017487559593080
3794387416949236955
3733835711444307099
3706612662459491953
3694719529378316340
3676726047430573078
3671580902804297327
3671445412091771913
3666081442818170237
3642221334908409962
3596732122007783149
3595201153285619445
3579333855486886955
3567845074663519170
3564437505917127516
3517707539179089416
3512819432715405592
3470945538579632232
3470574275708133245
3452071167649389417
3428720044598024048
3411672421416749947
3410939638070759755
3400894446318078654
3398677249714418577
3375370904068515063
3350639649415332078
3335693180844780263
3285741557491897176
3281176582144435365
3275502899589219082
3272585758649743326
3254652092058835128
3246939751205230861
3245795902874005930
3244940441665497971
3224997446042069943
3185936293242797380
3158966715408268506
3142825255498179653
3134523935574024299
3134345824200415682
3112503680399007290
3097591414785586640
3086730560712243666
3081843198868674669
3069834503881380887
3062279862782350328
3048031623627944975
3047877907550174792
3025208517607087581
3005752757538193666
3002545323209854635
2993162174721617977
2991045471661254416
2938955602216666484
2930594278381645201
2910421268592303084
2832786418621969163
2797662563403538206
2780658845650883807
2764554961064978915
2736782064538346427
2724972622908586770
2698651499323585400
2697111042595357042
2584297557378753487
2569781443699992842
2551644486419168800
2532580788560892084
2526315647041660840
2521371345578085750
2510740298173221098
2479810332097026853
2473386402949349537
2403620862687564962
2379899762701349450
2356347395909014469
2355715733846083713
2339542676905520322
2334681967780652191
2322358360103521758
2293182193251042575
2277907569398501185
2268899553535270939
2268126045196973385
2249365875196153594
2218430819910015503
2197906622662375712
2177925414551854980
2161667736441021892
2157761966212530493
2060638045972874307
2010836480158856138
1958005005710976734
1941785887800294937
1930414665810690171
1929945904964993344
1926844773338954997
1877050527228580336
1869931724081865126
1865282459307063862
1839349073390609152
1829196726253019815
1825729513005742340
1821388296044233519
1818919017991167269
1817444287259662592
1813308061419387419
1793756471121868303
1791020587799306038
1777696974405543339
1726778086278655403
1709843864661779899
1692675082049579751
1691812741276074448
1656633889780899569
1648632805345068972
1635012012175355638
1633921153958609269
1605477908710385880
1598915769716787761
1589052192014613417
1580217652859710900
1545981415542672635
1528153047512271668
1524792428467425950
1505679784580073140
1474754524092362204
1438428630814333614
1415442443456862346
1398407726199623286
1394117723252087850
1355899738994884699
1343974012925358329
1340630657950713007
1318612939801237182
1259619038025951673
1252175983094436361
1243787274806303064
1236273212810635300
1215347111139832560
1187300939562383386
1157277261136577593
1152092274094454292
1102475602594119473
1091535671812127201
1044295281760260981
1039880475830312587
1039666186239724490
1039419572381042610
1021648942894011075
1019843009931214300
1003251460004737994
993922489307584604
975436119125694254
968419441503589166
959237095791819280
956072848275164560
932403276885157998
930984331564732232
919484092244523008
918580709476557439
916867645219104391
912308790638218354
877652343525956546
851773610527621980
848169003188059036
847299919674155646
835563921057652889
829497570265748704
825205521476974443
816482085911656339
792209067288973560
760717920550407354
743699331899193381
730771343657124564
718586927783085163
652340994318822815
636313174687527724
629884114406340305
624733897325351343
607223307476430340
605245706667675162
564157993194723402
543008845954890014
541562968656803315
521567925331604004
503969477577267178
497613646880271427
479087528822547821
472545212999737691
458189876571517152
436744201097756892
403316580792824057
353867549071743819
328630468059078377
320840872156220035
320059426037132223
300049238727510158
299827067184618544
241436871130313627
188586183835917111
178584530632266868
155919393018554996
147577862955779195
78375299424663763
59867753227836695
50897069390219369
32360431763920678
4980916815942766
2963889147824018
-2925435813441489
-14837200831165224
-19983299331540509
-60975953362633643
-73761653502380676
-81396956242058798
-89592757161869094
-96427938861299505
-97701428937398156
-106541646349222026
-113298420655672550
-123804035753320093
-129529786216151965
-224164048952165746
-273000914100474453
-294814198997211270
-319495546867538870
-336941774661953265
-342150525240327864
-399058887765140888
-434210716754340702
-449573366441261415
-465745674787160251
-465763409621067516
-467652424525876893
-498211596411217827
-500014127928622329
-523039457507615531
-526593683993221084
-536534074226007939
-569430291622813462
-571778821089555781
-582342722913829307
-619216491692082908
-635670274442409672
-675991352616873118
-714486125516409191
-722493572496489526
-803968732784886171
-807986577703902359
-830594282386536452
-830749234769174872
-898057388213889954
-898608699289691720
-908973101656210534
-911665662403320215
-930695615073355156
-942993901008098135
-953016631510328762
-973135466299125411
-973721093064294441
-1008363987992946603
-1012166697147611902
-1050670846920115553
-1060329718580775158
-1066655594101113512
-1070069008584927687
-1075370825223145741
-1095820867368828688
-1133765192815583787
-1188278687072455807
-1208048431086886273
-1242692602304315807
-1261910938067369600
-1266672025561084257
-1271663019112666665
-1271923451653889552
-1326638208385218071
-1327282911935668173
-1347111990627570124
-1352528073582522210
-1403491316072744071
-1422205824857921038
-1471148829830734379
-1471456559308950486
-1480321069610022485
-1494698148759850280
-1496649989576287220
-1538173955062165233
-1557500831534965318
-1561312257848352909
-1572196964031367477
-1588998709514430248
-1662984123941214562
-1678580742519790320
-1680768919486066804
-1686411104760353598
-1718769520085272206
-1722900423833078952
-1723085609240137168
-1725427205487075091
-1735935263524191932
-1746168984969329752
-1746762795030166987
-1778360617547572396
-1780192691608227272
-1800322582823970897
-1836685473309213994
-1846844174557571717
-1848168994702602002
-1858008620416006594
-1886760300754374994
-1910211055447045534
-1927998924829394153
-1944407840768117909
-1952413526403829716
-1972965132621768760
-1995693270362408998
-1999423835993355161
-2055370959999073643
-2058173204449363418
-2058562829881326890
-2062860063999130073
-2138123644498532412
-2170367448931178414
-2176992462444999461
-2189086081414621448
-2267676888651572244
-2268953783621705478
-2292442158889865446
-2294810260705013999
-2299261722363405601
-2317136245284001519
-2318428417645262073
-2345507758065366688
-2353140593734492279
-2366933103383536551
-2371143308976813616
-2386558804518356466
-2395631108180934776
-2402525257120639402
-2402747954994248617
-2414829113849866051
-2448324322051469765
-2455629808410477024
-2460134420525954469
-2466362454323458417
-2503755068500275444
-2504111967942370159
-2559817579194833211
-2574333631294496812
-2583019801982862821
-2601744056863162053
-2610748687446272679
-2611107590398359370
-2621930496840477664
-2681142266052847175
-2711291909586094459
-2720616369202307941
-2726741939071682454
-2765341347475120804
-2778173263935830646
-2782463946713085656
-2839706547799205832
-2848158973571904412
-2854650085284948986
-2880963217945022106
-2889069643057639418
-2900807748836480097
-2920390057283942520
-2924947386954525084
-2970178866816541781
-2987266280436053455
-3075177816998793284
-3100261073479429492
-3129327947384603298
-3177040576286716168
-3180886394429529752
-3209758443654091687
-3218702363966147489
-3267881123298156477
-3278412442886396247
-3285613488215556151
-3285998787633369145
-3297264277435249602
-3329717347650655210
-3333589530760046188
-3370897172006099098
-3377213933107335190
-3420059997675562227
-3438505874107715097
-3439037165779201907
-3470375008170230717
-3477581086158382884
-3548144140097475574
-3557717794786942844
-3593114304567590874
-3597049189050429939
-3618088709939974118
-3622066356015244104
-3627221154436944053
-3635612463748986014
-3662115809511448726
-3692113408067324985
-3708131660220879345
-3735886747058484571
-3755990089740796475
-3769414042384825576
-3777982542317996317
-3789227657915089716
-3791553356520044878
-3800802091920409806
-3815085798878906018
-3832837867061352258
-3853619917766259845
-3874391298141340952
-3876058918374505691
-3879604775018556245
-3881880065252557868
-3900801857682197235
-3905432133976173667
-3916722454828248386
-3935860708245047650
-3936349396837153178
-3939025109744687812
-3942316365183323654
-3942395496826948509
-3948607420500041643
-3959876366892546721
-3977658436147580442
-3989396624582064555
-4050754436763530204
-4079546027487522427
-4113529596946354250
-4129636626894489035
-4131600225215951465
-4169712531491352671
-4218065632073057371
-4225456769024656836
-4248173029032849432
-4276410682497968283
-4289219166399584166
-4290634449787035404
-4294835765373995093
-4309079267947283316
-4320155032935425670
-4328485017898162235
-4347398755709843258
-4368934872832867577
-4383349226756005434
-4393019389192921995
-4403649022911750416
-4432496625909164766
-4433532585360120568
-4467418738610672995
-4470554565322596148
-4476155728057851741
-4485175392944269099
-4530039367012417009
-4552709733888284533
-4584720963711161529
-4606391195877870380
-4626866275963004257
-4635181474970911068
-4695283742712738387
-4717135838759530346
-4718020425162921804
-4723829742974925984
-4730922220121819435
-4731763196774666243
-4791507323426783146
-4798025671412553314
-4825735839558549184
-4838626861221203413
-4854768690389643998
-4864219204691744691
-4864713429043958844
-4873096949088328145
-4898255396934048502
-4904710718707129416
-4906963575622990988
-4911807433706926392
-4917631952767351892
-4923834541788994240
-4965504598494650412
-4990144524683560756
-5018666859332593102
-5044100407690152630
-5073570324249562600
-5081034648092628453
-5093091468737913179
-5093365412720173044
-5103265302095401886
-5109921836036431713
-5180438257173818813
-5198497679510946123
-5199111659552700885
-5233028038837524442
-5234747978041294151
-5249498853594056498
-5304448607728461065
-5321543054413756240
-5323231967343372689
-5359158737061029664
-5406060162949296789
-5443155264323371831
-5453899786106924316
-5459694473101514774
-5481112971518394503
-5494649885306723730
-5496545595433222194
-5506799372053736890
-5518875923958369149
-5564241357899400746
-5565352641542035866
-5599184617375881029
-5620601141990034792
-5627068137841952983
-5651932251989180060
-5653015739343018531
-5677852961571412575
-5714786517805801524
-5729276661998730871
-5732527052558658997
-5738829368954803768
-5744906071551114661
-5780979699329392946
-5808385906398979370
-5816659290931625257
-5819646094899915478
-5829339226909410801
-5835624298399176869
-5840830785609240905
-5847091071669815897
-5876667853495404824
-5890510189332161616
-5956686149877432743
-5973645925412145392
-5973708641612215796
-5994118105685693647
-5996182496254901196
-6058669017728423254
-6068765648020640028
-6079567250818198393
-6091166602962587892
-6098413964927560703
-6105597397816649281
-6117149659689839741
-6118825600062970756
-6192963162446839020
-6212064260641392455
-6228419465271070163
-6235154775228442681
-6271951355462094670
-6274639471325117785
-6305187671996965866
-6306276763530937394
-6313789668015085361
-6337906986526735798
-6339975327543213592
-6380370615508092663
-6382611886412299646
-6393680631540565209
-6394667943891093215
-6410081307209692215
-6473613982244703523
-6520766129856946397
-6551460236026387264
-6569514135522936883
-6588043290778115748
-6608310392425781208
-6654518813339245750
-6736320273606066747
-6742918575892755532
-6752361583658642019
-6755568100994790131
-6755875263250710876
-6806768414102243036
-6873941383336941366
-6878534523655813962
-6882076272116059854
-6891017469894924100
-6916069795964896261
-6930050378269608398
-6935645863954823318
-6958609386559455390
-6971064220823426565
-6990264781480841134
-6992861270979453742
-6993369379314381124
-7079827993134492884
-7081039026892200488
-7121974266570572302
-7156200951260932194
-7160832737250822541
-7193844274208891093
-7210898073739633673
-7258323375980772027
-7265605294690719649
-7268944638296765059
-7291149958441345233
-7323288803531009395
-7379955495147086994
-7385676929128954042
-7394440741553621954
-7464420470047644216
-7471860033942240074
-7474784616831359755
-7475909808484002725
-7481642023742636156
-7493386210552907448
-7536556570795537076
-7564091102989836487
-7567421131356276281
-7613898698160241171
-7619729332666349048
-7623602226122943854
-7625858113575887798
-7663659028567804358
-7670420466458589204
-7688114273444347751
-7699220906490773117
-7702268220121996201
-7711058407960037232
-7726152343299474559
-7752331288299951101
-7766589612863038094
-7769837057141805228
-7780060678152000383
-7836450050522867620
-7838756193288809606
-7845430491123001973
-7880112181223794013
-7895129309712128851
-7905511568471793884
-7923228211153016642
-7925366704050971630
-7940346542485338093
-7940439059273579272
-8021384129351448330
-8035975062837496429
-8041976369776398986
-8118968488397961326
-8119069475217179461
-8142714455005979847
-8150068950245232052
-8152310878801736700
-8186511952128967528
-8188342654053762106
-8188758383379255485
-8198721076437627292
-8213286809106613946
-8246845229081930114
-8273460765176132879
-8328007352208059458
-8410663335632104366
-8448421577363110509
-8465623629335133636
-8466680199191567536
-8542209153366432537
-8573400954044497026
-8577999807995216412
-8578065198041363584
-8582540108282534205
-8602203938849711511
-8602460231145724768
-8604854800411976479
-8617339513707806741
-8627981611475390096
-8640477743566035689
-8660338320460601255
-8668531662008900693
-8705594645200966807
-8732088644883334463
-8742435251714261996
-8781757941470217538
-8803124909089755183
-8828700666686602531
-8841768016548428221
-8843706108097802903
-8848081181850413659
-8896754355331034728
-8897966656945762881
-8919885641771950194
-8929253186926050391
-8939901251191556503
-8955730448534173059
-8969723071768931844
-8971511350761088230
-8982324714490584566
-9074744455673340392
-9081707521239649047
-9100569209401804969
-9103830805257889616
-9113288652899967276
-9133392802737146022
-9142018607262541192
-9150721372317333813
-9183733512827876418
-9209980171706997372
